   0.0000000e+00
   0.0000000e+00
   0.0000000e+00
   0.0000000e+00
   0.0000000e+00
   0.0000000e+00
   0.0000000e+00
   0.0000000e+00
   0.0000000e+00
   0.0000000e+00
   0.0000000e+00
   0.0000000e+00
   0.0000000e+00
   0.0000000e+00
   0.0000000e+00
   0.0000000e+00
   0.0000000e+00
   5.0000000e-03
   5.0000000e-03
   2.5000000e-02
   4.5000000e-02
   7.5000000e-02
   1.4000000e-01
   2.2500000e-01
   3.6000000e-01
   5.9000000e-01
   8.1000000e-01
   1.1450000e+00
   1.6750000e+00
   2.3300000e+00
   3.0400000e+00
   4.0350000e+00
   5.1250000e+00
   6.4300000e+00
   7.9200000e+00
   9.6800000e+00
   1.1700000e+01
   1.3805000e+01
   1.6335000e+01
   1.9120000e+01
   2.2265000e+01
   2.5435000e+01
   2.8785000e+01
   3.1610000e+01
   3.4375000e+01
   3.7200000e+01
   3.9585000e+01
   4.1680000e+01
   4.3625000e+01
   4.5630000e+01
   4.7620000e+01
   4.9365000e+01
   5.0980000e+01
   5.2550000e+01
   5.3885000e+01
   5.5235000e+01
   5.6500000e+01
   5.7730000e+01
   5.8775000e+01
   5.9770000e+01
   6.0730000e+01
   6.1655000e+01
   6.2485000e+01
   6.3390000e+01
   6.4105000e+01
   6.4840000e+01
   6.5750000e+01
   6.6425000e+01
   6.7075000e+01
   6.7720000e+01
   6.8340000e+01
   6.8970000e+01
   6.9435000e+01
   6.9955000e+01
   7.0385000e+01
   7.0835000e+01
   7.1270000e+01
   7.1700000e+01
   7.2075000e+01
   7.2435000e+01
   7.2855000e+01
   7.3260000e+01
   7.3665000e+01
   7.3930000e+01
   7.4310000e+01
   7.4600000e+01
   7.4920000e+01
   7.5205000e+01
   7.5485000e+01
   7.5745000e+01
   7.5960000e+01
   7.6240000e+01
   7.6580000e+01
   7.6865000e+01
   7.7085000e+01
   7.7365000e+01
   7.7590000e+01
   7.7850000e+01
   7.8130000e+01
   7.8415000e+01
   7.8660000e+01
