   0.0000000e+00
   0.0000000e+00
   0.0000000e+00
   0.0000000e+00
   0.0000000e+00
   0.0000000e+00
   0.0000000e+00
   0.0000000e+00
   0.0000000e+00
   0.0000000e+00
   0.0000000e+00
   0.0000000e+00
   0.0000000e+00
   0.0000000e+00
   0.0000000e+00
   0.0000000e+00
   0.0000000e+00
   0.0000000e+00
   0.0000000e+00
   0.0000000e+00
   0.0000000e+00
   0.0000000e+00
   0.0000000e+00
   0.0000000e+00
   0.0000000e+00
   0.0000000e+00
   0.0000000e+00
   0.0000000e+00
   0.0000000e+00
   0.0000000e+00
   5.0000000e-03
   5.0000000e-03
   5.0000000e-03
   5.0000000e-03
   5.0000000e-03
   1.0000000e-02
   1.0000000e-02
   1.0000000e-02
   1.0000000e-02
   1.0000000e-02
   1.0000000e-02
   1.0000000e-02
   1.0000000e-02
   1.0000000e-02
   1.5000000e-02
   1.5000000e-02
   1.5000000e-02
   2.0000000e-02
   3.0000000e-02
   3.0000000e-02
   4.5000000e-02
   5.0000000e-02
   7.0000000e-02
   7.5000000e-02
   8.0000000e-02
   8.5000000e-02
   1.0500000e-01
   1.2500000e-01
   1.3000000e-01
   1.4000000e-01
   1.7000000e-01
   1.8500000e-01
   2.1000000e-01
   2.2000000e-01
   2.6500000e-01
   3.1000000e-01
   3.4000000e-01
   3.6000000e-01
   3.7500000e-01
   3.9000000e-01
   4.1500000e-01
   4.5500000e-01
   4.8000000e-01
   5.2000000e-01
   5.5500000e-01
   6.1000000e-01
   6.4500000e-01
   6.9500000e-01
   7.2000000e-01
   7.6000000e-01
   7.9000000e-01
   8.2000000e-01
   8.7500000e-01
   9.2500000e-01
   9.7500000e-01
   1.0200000e+00
   1.0650000e+00
   1.1150000e+00
   1.1500000e+00
   1.2000000e+00
   1.2700000e+00
   1.3000000e+00
   1.3550000e+00
   1.4200000e+00
   1.4450000e+00
   1.5200000e+00
   1.5600000e+00
   1.6100000e+00
   1.6400000e+00
   1.7000000e+00
   1.7400000e+00
