   0.0000000e+00
   0.0000000e+00
   0.0000000e+00
   0.0000000e+00
   0.0000000e+00
   0.0000000e+00
   0.0000000e+00
   0.0000000e+00
   0.0000000e+00
   0.0000000e+00
   0.0000000e+00
   0.0000000e+00
   0.0000000e+00
   0.0000000e+00
   0.0000000e+00
   1.0000000e-02
   2.0000000e-02
   2.5000000e-02
   5.0000000e-02
   8.0000000e-02
   1.6000000e-01
   2.8000000e-01
   3.7500000e-01
   5.4000000e-01
   8.3000000e-01
   1.0650000e+00
   1.4300000e+00
   1.8950000e+00
   2.5700000e+00
   3.3700000e+00
   4.2250000e+00
   5.1900000e+00
   6.0600000e+00
   6.9550000e+00
   7.6350000e+00
   8.4600000e+00
   9.2050000e+00
   9.8550000e+00
   1.0520000e+01
   1.1160000e+01
   1.1770000e+01
   1.2350000e+01
   1.2905000e+01
   1.3495000e+01
   1.3895000e+01
   1.4420000e+01
   1.4870000e+01
   1.5305000e+01
   1.5670000e+01
   1.5925000e+01
   1.6175000e+01
   1.6500000e+01
   1.6820000e+01
   1.7085000e+01
   1.7350000e+01
   1.7620000e+01
   1.7860000e+01
   1.8095000e+01
   1.8305000e+01
   1.8490000e+01
   1.8580000e+01
   1.8725000e+01
   1.8865000e+01
   1.8960000e+01
   1.9115000e+01
   1.9245000e+01
   1.9380000e+01
   1.9490000e+01
   1.9655000e+01
   1.9745000e+01
   1.9865000e+01
   1.9970000e+01
   2.0050000e+01
   2.0130000e+01
   2.0200000e+01
   2.0275000e+01
   2.0305000e+01
   2.0370000e+01
   2.0430000e+01
   2.0470000e+01
   2.0530000e+01
   2.0575000e+01
   2.0610000e+01
   2.0655000e+01
   2.0700000e+01
   2.0750000e+01
   2.0800000e+01
   2.0840000e+01
   2.0870000e+01
   2.0910000e+01
   2.0930000e+01
   2.0955000e+01
   2.1000000e+01
   2.1015000e+01
   2.1040000e+01
   2.1070000e+01
   2.1095000e+01
   2.1140000e+01
   2.1145000e+01
   2.1165000e+01
   2.1175000e+01
