   0.0000000e+00
   0.0000000e+00
   0.0000000e+00
   0.0000000e+00
   0.0000000e+00
   0.0000000e+00
   0.0000000e+00
   0.0000000e+00
   0.0000000e+00
   0.0000000e+00
   0.0000000e+00
   0.0000000e+00
   0.0000000e+00
   0.0000000e+00
   0.0000000e+00
   0.0000000e+00
   5.0000000e-03
   5.0000000e-03
   1.5000000e-02
   3.5000000e-02
   8.5000000e-02
   1.7500000e-01
   2.5000000e-01
   3.5000000e-01
   5.2000000e-01
   8.3000000e-01
   1.2300000e+00
   1.7500000e+00
   2.4150000e+00
   3.2650000e+00
   4.2250000e+00
   5.6200000e+00
   7.0950000e+00
   8.8250000e+00
   1.0645000e+01
   1.2710000e+01
   1.5290000e+01
   1.8080000e+01
   2.1290000e+01
   2.4870000e+01
   2.8320000e+01
   3.2595000e+01
   3.6955000e+01
   4.1825000e+01
   4.6750000e+01
   5.1785000e+01
   5.7595000e+01
   6.3860000e+01
   7.0105000e+01
   7.6860000e+01
   8.3980000e+01
   9.1115000e+01
   9.7625000e+01
   1.0363500e+02
   1.0933000e+02
   1.1447000e+02
   1.1931000e+02
   1.2392500e+02
   1.2829500e+02
   1.3238500e+02
   1.3616000e+02
   1.3956500e+02
   1.4314000e+02
   1.4610500e+02
   1.4910500e+02
   1.5168000e+02
   1.5426500e+02
   1.5679000e+02
   1.5896000e+02
   1.6118500e+02
   1.6309000e+02
   1.6496500e+02
   1.6659500e+02
   1.6826500e+02
   1.6989000e+02
   1.7129000e+02
   1.7277500e+02
   1.7403000e+02
   1.7518000e+02
   1.7630500e+02
   1.7743500e+02
   1.7856500e+02
   1.7954000e+02
   1.8045500e+02
   1.8126000e+02
   1.8207000e+02
   1.8287000e+02
   1.8346000e+02
   1.8421000e+02
   1.8486500e+02
   1.8555500e+02
   1.8612000e+02
   1.8672500e+02
   1.8728500e+02
   1.8783500e+02
   1.8825000e+02
   1.8876000e+02
   1.8921500e+02
   1.8974000e+02
   1.9019000e+02
   1.9059000e+02
