   0.0000000e+00
   0.0000000e+00
   0.0000000e+00
   0.0000000e+00
   0.0000000e+00
   0.0000000e+00
   0.0000000e+00
   0.0000000e+00
   0.0000000e+00
   0.0000000e+00
   0.0000000e+00
   0.0000000e+00
   0.0000000e+00
   0.0000000e+00
   0.0000000e+00
   0.0000000e+00
   0.0000000e+00
   5.0000000e-03
   5.0000000e-03
   2.5000000e-02
   4.5000000e-02
   7.5000000e-02
   1.4000000e-01
   2.2500000e-01
   3.6000000e-01
   5.9000000e-01
   8.1000000e-01
   1.1450000e+00
   1.6750000e+00
   2.3300000e+00
   3.0400000e+00
   4.0350000e+00
   5.1250000e+00
   6.4300000e+00
   7.9200000e+00
   9.6800000e+00
   1.1700000e+01
   1.3805000e+01
   1.6335000e+01
   1.9120000e+01
   2.2265000e+01
   2.5405000e+01
   2.8355000e+01
   3.1115000e+01
   3.3565000e+01
   3.5830000e+01
   3.8030000e+01
   4.0135000e+01
   4.1970000e+01
   4.3710000e+01
   4.5400000e+01
   4.6835000e+01
   4.8175000e+01
   4.9445000e+01
   5.0835000e+01
   5.2075000e+01
   5.3250000e+01
   5.4185000e+01
   5.5135000e+01
   5.6045000e+01
   5.6865000e+01
   5.7530000e+01
   5.8275000e+01
   5.8795000e+01
   5.9445000e+01
   5.9930000e+01
   6.0395000e+01
   6.0855000e+01
   6.1270000e+01
   6.1635000e+01
   6.2015000e+01
   6.2420000e+01
   6.2730000e+01
   6.3070000e+01
   6.3445000e+01
   6.3635000e+01
   6.3845000e+01
   6.4065000e+01
   6.4280000e+01
   6.4520000e+01
   6.4740000e+01
   6.4945000e+01
   6.5105000e+01
   6.5280000e+01
   6.5420000e+01
   6.5530000e+01
   6.5670000e+01
   6.5830000e+01
   6.5945000e+01
   6.6025000e+01
   6.6100000e+01
   6.6250000e+01
   6.6320000e+01
   6.6385000e+01
   6.6445000e+01
   6.6510000e+01
   6.6575000e+01
   6.6635000e+01
   6.6710000e+01
   6.6795000e+01
   6.6840000e+01
