   0.0000000e+00
   0.0000000e+00
   0.0000000e+00
   0.0000000e+00
   0.0000000e+00
   0.0000000e+00
   0.0000000e+00
   0.0000000e+00
   0.0000000e+00
   0.0000000e+00
   0.0000000e+00
   0.0000000e+00
   0.0000000e+00
   0.0000000e+00
   0.0000000e+00
   1.0000000e-02
   2.0000000e-02
   2.5000000e-02
   5.0000000e-02
   8.0000000e-02
   1.6000000e-01
   2.8000000e-01
   3.7500000e-01
   5.4000000e-01
   8.3000000e-01
   1.0650000e+00
   1.4300000e+00
   1.8950000e+00
   2.5700000e+00
   3.3700000e+00
   4.2250000e+00
   5.1450000e+00
   6.1900000e+00
   7.2050000e+00
   8.1450000e+00
   9.1250000e+00
   9.9500000e+00
   1.0730000e+01
   1.1575000e+01
   1.2400000e+01
   1.3120000e+01
   1.3815000e+01
   1.4460000e+01
   1.5065000e+01
   1.5630000e+01
   1.6180000e+01
   1.6755000e+01
   1.7270000e+01
   1.7745000e+01
   1.8270000e+01
   1.8700000e+01
   1.9155000e+01
   1.9530000e+01
   1.9955000e+01
   2.0305000e+01
   2.0660000e+01
   2.0980000e+01
   2.1235000e+01
   2.1525000e+01
   2.1820000e+01
   2.2140000e+01
   2.2410000e+01
   2.2685000e+01
   2.2955000e+01
   2.3155000e+01
   2.3390000e+01
   2.3635000e+01
   2.3845000e+01
   2.4090000e+01
   2.4300000e+01
   2.4515000e+01
   2.4720000e+01
   2.4940000e+01
   2.5130000e+01
   2.5335000e+01
   2.5595000e+01
   2.5825000e+01
   2.5965000e+01
   2.6125000e+01
   2.6415000e+01
   2.6600000e+01
   2.6795000e+01
   2.6985000e+01
   2.7200000e+01
   2.7450000e+01
   2.7695000e+01
   2.7835000e+01
   2.8065000e+01
   2.8235000e+01
   2.8450000e+01
   2.8680000e+01
   2.8865000e+01
   2.9140000e+01
   2.9315000e+01
   2.9480000e+01
   2.9615000e+01
   2.9775000e+01
   2.9925000e+01
   3.0085000e+01
   3.0315000e+01
   3.0535000e+01
