   0.0000000e+00
   0.0000000e+00
   0.0000000e+00
   0.0000000e+00
   0.0000000e+00
   0.0000000e+00
   0.0000000e+00
   0.0000000e+00
   0.0000000e+00
   0.0000000e+00
   0.0000000e+00
   0.0000000e+00
   0.0000000e+00
   0.0000000e+00
   0.0000000e+00
   0.0000000e+00
   5.0000000e-03
   5.0000000e-03
   1.0000000e-02
   2.0000000e-02
   3.5000000e-02
   6.0000000e-02
   8.5000000e-02
   1.4000000e-01
   2.0500000e-01
   2.6000000e-01
   2.9000000e-01
   3.3500000e-01
   3.8500000e-01
   4.4000000e-01
   4.8500000e-01
   5.4500000e-01
   5.9000000e-01
   6.6500000e-01
   7.1000000e-01
   7.7000000e-01
   8.2000000e-01
   8.9000000e-01
   9.6500000e-01
   1.0100000e+00
   1.0500000e+00
   1.1050000e+00
   1.1500000e+00
   1.2050000e+00
   1.2550000e+00
   1.3250000e+00
   1.3550000e+00
   1.4000000e+00
   1.4650000e+00
   1.5150000e+00
   1.5600000e+00
   1.6100000e+00
   1.7050000e+00
   1.7300000e+00
   1.7950000e+00
   1.8450000e+00
   1.8950000e+00
   1.9700000e+00
   1.9900000e+00
   2.0600000e+00
   2.1050000e+00
   2.1600000e+00
   2.2150000e+00
   2.2950000e+00
   2.3650000e+00
   2.4300000e+00
   2.5250000e+00
   2.5900000e+00
   2.6500000e+00
   2.6950000e+00
   2.7550000e+00
   2.8400000e+00
   2.9200000e+00
   2.9700000e+00
   3.0250000e+00
   3.1050000e+00
   3.2000000e+00
   3.2600000e+00
   3.3350000e+00
   3.4200000e+00
   3.5100000e+00
   3.5850000e+00
   3.7000000e+00
   3.7800000e+00
   3.8500000e+00
   3.9450000e+00
   4.0200000e+00
   4.1000000e+00
   4.2250000e+00
   4.3300000e+00
   4.4100000e+00
   4.5300000e+00
   4.6200000e+00
   4.6900000e+00
   4.7700000e+00
   4.8850000e+00
   4.9600000e+00
   5.0250000e+00
   5.1200000e+00
   5.1750000e+00
   5.2700000e+00
