   0.0000000e+00
   0.0000000e+00
   0.0000000e+00
   0.0000000e+00
   0.0000000e+00
   0.0000000e+00
   0.0000000e+00
   0.0000000e+00
   0.0000000e+00
   0.0000000e+00
   0.0000000e+00
   0.0000000e+00
   0.0000000e+00
   0.0000000e+00
   0.0000000e+00
   0.0000000e+00
   0.0000000e+00
   0.0000000e+00
   0.0000000e+00
   0.0000000e+00
   0.0000000e+00
   0.0000000e+00
   0.0000000e+00
   0.0000000e+00
   0.0000000e+00
   0.0000000e+00
   0.0000000e+00
   0.0000000e+00
   0.0000000e+00
   0.0000000e+00
   0.0000000e+00
   0.0000000e+00
   0.0000000e+00
   0.0000000e+00
   0.0000000e+00
   0.0000000e+00
   0.0000000e+00
   0.0000000e+00
   0.0000000e+00
   0.0000000e+00
   0.0000000e+00
   0.0000000e+00
   0.0000000e+00
   0.0000000e+00
   0.0000000e+00
   0.0000000e+00
   0.0000000e+00
   0.0000000e+00
   5.0000000e-03
   1.0000000e-02
   1.0000000e-02
   1.5000000e-02
   2.0000000e-02
   2.0000000e-02
   2.0000000e-02
   2.5000000e-02
   3.0000000e-02
   3.5000000e-02
   4.5000000e-02
   4.5000000e-02
   5.0000000e-02
   5.0000000e-02
   5.5000000e-02
   7.0000000e-02
   7.0000000e-02
   7.0000000e-02
   8.0000000e-02
   8.0000000e-02
   8.0000000e-02
   9.0000000e-02
   9.5000000e-02
   1.0000000e-01
   1.2000000e-01
   1.3000000e-01
   1.5000000e-01
   1.5500000e-01
   1.5500000e-01
   1.7000000e-01
   1.9000000e-01
   2.0500000e-01
   2.3500000e-01
   2.4500000e-01
   2.5000000e-01
   2.7500000e-01
   2.9500000e-01
   3.2500000e-01
   3.3000000e-01
   3.5000000e-01
   3.7000000e-01
   3.9000000e-01
   4.1500000e-01
   4.2500000e-01
   4.3000000e-01
   4.4000000e-01
   4.6500000e-01
   4.9000000e-01
   5.1500000e-01
   5.5000000e-01
   5.6500000e-01
   5.8500000e-01
   5.9500000e-01
