   0.0000000e+00
   0.0000000e+00
   0.0000000e+00
   0.0000000e+00
   0.0000000e+00
   0.0000000e+00
   0.0000000e+00
   0.0000000e+00
   0.0000000e+00
   0.0000000e+00
   0.0000000e+00
   0.0000000e+00
   0.0000000e+00
   0.0000000e+00
   0.0000000e+00
   0.0000000e+00
   5.0000000e-03
   5.0000000e-03
   1.5000000e-02
   3.5000000e-02
   8.5000000e-02
   1.7500000e-01
   2.5000000e-01
   3.5000000e-01
   5.2000000e-01
   8.3000000e-01
   1.2300000e+00
   1.7500000e+00
   2.4150000e+00
   3.2650000e+00
   4.2250000e+00
   5.6200000e+00
   7.0950000e+00
   8.8250000e+00
   1.0645000e+01
   1.2710000e+01
   1.5290000e+01
   1.8080000e+01
   2.1290000e+01
   2.4870000e+01
   2.8320000e+01
   3.2595000e+01
   3.6955000e+01
   4.1825000e+01
   4.6750000e+01
   5.1785000e+01
   5.7595000e+01
   6.3860000e+01
   7.0105000e+01
   7.6860000e+01
   8.3980000e+01
   9.1205000e+01
   9.7665000e+01
   1.0335000e+02
   1.0860500e+02
   1.1348500e+02
   1.1793500e+02
   1.2222000e+02
   1.2625000e+02
   1.2996000e+02
   1.3337000e+02
   1.3663500e+02
   1.3956500e+02
   1.4230500e+02
   1.4487000e+02
   1.4728500e+02
   1.4944500e+02
   1.5131000e+02
   1.5313500e+02
   1.5484500e+02
   1.5629000e+02
   1.5777000e+02
   1.5901000e+02
   1.6017000e+02
   1.6122000e+02
   1.6236000e+02
   1.6338000e+02
   1.6430500e+02
   1.6506000e+02
   1.6578000e+02
   1.6652000e+02
   1.6722500e+02
   1.6786000e+02
   1.6844500e+02
   1.6900000e+02
   1.6947000e+02
   1.6989000e+02
   1.7029500e+02
   1.7071000e+02
   1.7105500e+02
   1.7141000e+02
   1.7174500e+02
   1.7198500e+02
   1.7229500e+02
   1.7260500e+02
   1.7286500e+02
   1.7310500e+02
   1.7334000e+02
   1.7354000e+02
   1.7370000e+02
   1.7386000e+02
