   0.0000000e+00
   0.0000000e+00
   0.0000000e+00
   0.0000000e+00
   0.0000000e+00
   0.0000000e+00
   0.0000000e+00
   0.0000000e+00
   0.0000000e+00
   0.0000000e+00
   0.0000000e+00
   0.0000000e+00
   0.0000000e+00
   0.0000000e+00
   0.0000000e+00
   0.0000000e+00
   0.0000000e+00
   0.0000000e+00
   0.0000000e+00
   0.0000000e+00
   0.0000000e+00
   0.0000000e+00
   0.0000000e+00
   0.0000000e+00
   0.0000000e+00
   0.0000000e+00
   0.0000000e+00
   0.0000000e+00
   0.0000000e+00
   0.0000000e+00
   0.0000000e+00
   0.0000000e+00
   0.0000000e+00
   0.0000000e+00
   0.0000000e+00
   0.0000000e+00
   0.0000000e+00
   0.0000000e+00
   0.0000000e+00
   0.0000000e+00
   0.0000000e+00
   0.0000000e+00
   0.0000000e+00
   0.0000000e+00
   0.0000000e+00
   0.0000000e+00
   0.0000000e+00
   0.0000000e+00
   5.0000000e-03
   5.0000000e-03
   5.0000000e-03
   5.0000000e-03
   5.0000000e-03
   5.0000000e-03
   5.0000000e-03
   5.0000000e-03
   5.0000000e-03
   5.0000000e-03
   5.0000000e-03
   5.0000000e-03
   5.0000000e-03
   5.0000000e-03
   5.0000000e-03
   5.0000000e-03
   5.0000000e-03
   5.0000000e-03
   5.0000000e-03
   5.0000000e-03
   5.0000000e-03
   1.0000000e-02
   1.5000000e-02
   1.5000000e-02
   1.5000000e-02
   1.5000000e-02
   1.5000000e-02
   1.5000000e-02
   1.5000000e-02
   1.5000000e-02
   1.5000000e-02
   1.5000000e-02
   1.5000000e-02
   1.5000000e-02
   1.5000000e-02
   2.0000000e-02
   2.0000000e-02
   2.0000000e-02
   2.5000000e-02
   2.5000000e-02
   2.5000000e-02
   2.5000000e-02
   2.5000000e-02
   2.5000000e-02
   2.5000000e-02
   2.5000000e-02
   2.5000000e-02
   2.5000000e-02
   2.5000000e-02
   3.0000000e-02
   3.0000000e-02
   3.0000000e-02
   3.0000000e-02
