   0.0000000e+00
   0.0000000e+00
   0.0000000e+00
   0.0000000e+00
   0.0000000e+00
   0.0000000e+00
   0.0000000e+00
   0.0000000e+00
   0.0000000e+00
   0.0000000e+00
   0.0000000e+00
   0.0000000e+00
   0.0000000e+00
   0.0000000e+00
   0.0000000e+00
   0.0000000e+00
   5.0000000e-03
   5.0000000e-03
   1.0000000e-02
   2.0000000e-02
   3.5000000e-02
   8.0000000e-02
   1.2000000e-01
   1.3500000e-01
   1.4500000e-01
   2.1500000e-01
   2.6000000e-01
   2.8500000e-01
   3.0500000e-01
   3.3000000e-01
   3.6500000e-01
   4.1500000e-01
   4.6500000e-01
   5.1000000e-01
   5.3500000e-01
   5.7500000e-01
   6.3000000e-01
   6.5000000e-01
   6.6500000e-01
   6.8500000e-01
   6.9000000e-01
   7.1500000e-01
   7.5000000e-01
   7.7000000e-01
   7.9000000e-01
   8.2000000e-01
   8.2000000e-01
   8.3500000e-01
   8.4000000e-01
   8.6500000e-01
   8.8000000e-01
   9.1000000e-01
   9.2000000e-01
   9.3500000e-01
   9.5000000e-01
   9.5000000e-01
   9.6000000e-01
   9.6500000e-01
   9.6500000e-01
   9.7500000e-01
   9.7500000e-01
   9.8000000e-01
   9.9000000e-01
   9.9000000e-01
   1.0000000e+00
   1.0100000e+00
   1.0300000e+00
   1.0400000e+00
   1.0550000e+00
   1.0650000e+00
   1.0800000e+00
   1.0950000e+00
   1.1050000e+00
   1.1050000e+00
   1.1200000e+00
   1.1350000e+00
   1.1450000e+00
   1.1450000e+00
   1.1550000e+00
   1.1650000e+00
   1.1750000e+00
   1.1800000e+00
   1.2000000e+00
   1.2150000e+00
   1.2200000e+00
   1.2300000e+00
   1.2500000e+00
   1.2550000e+00
   1.2700000e+00
   1.2850000e+00
   1.3150000e+00
   1.3200000e+00
   1.3200000e+00
   1.3250000e+00
   1.3250000e+00
   1.3350000e+00
   1.3550000e+00
   1.3550000e+00
   1.3650000e+00
   1.3750000e+00
   1.3800000e+00
